['[CLS]', 'here', 'is', 'the', 'sentence', 'i', 'want', 'em', '##bed', '##ding', '##s', 'for', '.', '[SEP]']
(tensor([[[ 0.0276, -0.0698, -0.1737,  ...,  0.2409, -0.1132, -0.0559],
         [ 0.2533,  0.0666,  0.4322,  ...,  0.5460,  1.0275, -0.3853],
         [ 0.0054,  0.2541,  0.0758,  ...,  0.0068,  0.7223,  0.3071],
         ...,
         [-0.2003, -0.5531, -0.2328,  ...,  0.0703,  0.5252,  0.6636],
         [-1.3433, -0.1199,  1.4741,  ..., -0.1509,  1.0959, -0.1989],
         [-0.0363, -0.1860,  0.0346,  ..., -0.2139,  0.8162, -0.0302]]],
       grad_fn=<NativeLayerNormBackward>), tensor([[[-0.0434, -0.3407, -0.4449,  ...,  0.4310, -0.0242,  0.0101],
         [ 0.4558,  0.1684,  1.3234,  ...,  0.8703,  0.6845, -0.9118],
         [-0.1049,  0.2926, -0.1582,  ...,  0.1392,  0.3655,  0.0744],
         ...,
         [-0.1614, -0.4352,  0.1677,  ..., -0.1916,  0.0196,  0.5119],
         [-1.8769, -0.0504,  1.6879,  ...,  0.0916,  0.6413, -0.2850],
         [-0.0523, -0.2158,  0.2382,  ...,  0.0086,  0.5369, -0.1957]]],
       grad_fn=<NativeLayerNormBackward>), tensor([[[-0.0598, -0.4404, -0.1352,  ...,  0.5139,  0.0986,  0.2139],
         [ 0.7692,  0.0490,  1.4315,  ...,  0.9240,  0.3185, -1.0004],
         [-0.0500,  0.6832,  0.2995,  ...,  0.0594,  0.2105,  0.1312],
         ...,
         [-0.2036, -0.3235,  0.0136,  ...,  0.0193, -0.2632,  0.5162],
         [-0.9860,  0.2637,  1.5175,  ...,  0.1008,  0.0454, -0.6184],
         [-0.0287, -0.1282,  0.1723,  ...,  0.0691,  0.0792, -0.0386]]],
       grad_fn=<NativeLayerNormBackward>), tensor([[[ 0.0139, -0.7150, -0.7004,  ...,  0.5524,  0.1188,  0.5130],
         [ 0.8186, -0.1243,  1.5793,  ...,  1.1854,  0.3283, -1.0163],
         [-0.3161,  0.6391,  0.4168,  ...,  0.4365,  0.2687,  0.3224],
         ...,
         [ 0.1907, -0.8309, -0.0191,  ...,  0.1467, -0.3317,  0.8561],
         [-0.8325,  0.0358,  0.4343,  ..., -0.2685, -0.3072, -0.3710],
         [-0.0176, -0.0608,  0.0227,  ...,  0.0100,  0.0667, -0.0378]]],
       grad_fn=<NativeLayerNormBackward>), tensor([[[ 0.0684, -0.4665, -0.6586,  ...,  0.0649,  0.1008,  0.4535],
         [ 0.7191, -0.1381,  0.9834,  ...,  0.9615,  0.4126, -0.8783],
         [ 0.0674,  0.3628, -0.1475,  ...,  0.0775,  0.0526,  0.3561],
         ...,
         [ 0.1859, -0.7099,  0.1717,  ..., -0.0450, -0.3510,  0.6928],
         [-0.7484,  0.1888,  0.0170,  ..., -0.2383, -0.2998, -0.7549],
         [-0.0088, -0.0295,  0.0159,  ...,  0.0212,  0.0150, -0.0424]]],
       grad_fn=<NativeLayerNormBackward>), tensor([[[ 0.0670, -0.7915, -0.4175,  ..., -0.0122,  0.4668,  0.3089],
         [ 0.5813, -0.3311,  1.0195,  ...,  0.8119,  0.3096, -0.8040],
         [-0.0136,  0.8276,  0.0538,  ..., -0.1876,  0.3317,  0.3393],
         ...,
         [ 0.3413, -0.6024,  0.1903,  ..., -0.0860, -0.0326,  0.6743],
         [-0.7663,  0.3095,  0.3220,  ..., -0.3727, -0.1407, -1.0038],
         [ 0.0171, -0.0395, -0.0047,  ...,  0.0102, -0.0125, -0.0415]]],
       grad_fn=<NativeLayerNormBackward>), tensor([[[ 0.2798, -0.3631, -0.4612,  ..., -0.8133,  0.7372,  0.2423],
         [ 0.4366, -0.2606,  0.3834,  ...,  1.1329,  0.4857, -0.8454],
         [-0.3096,  1.1893,  0.1465,  ..., -0.1560,  0.9180,  0.2934],
         ...,
         [ 0.4842, -0.6514,  0.2094,  ...,  0.0740,  0.3529,  0.1120],
         [-0.9378,  0.3293,  0.3253,  ..., -0.1753,  0.0820, -0.5085],
         [-0.0022, -0.0340, -0.0096,  ..., -0.0262,  0.0218, -0.0576]]],
       grad_fn=<NativeLayerNormBackward>), tensor([[[ 0.1063, -0.1182, -0.8901,  ..., -1.1292,  0.6455,  0.5278],
         [ 0.4414, -0.0510,  0.5285,  ...,  0.5005,  0.6831, -0.5926],
         [-0.4015,  1.1227,  0.2374,  ..., -0.4087, -0.0613,  0.3993],
         ...,
         [ 0.3284, -0.6071,  0.1310,  ..., -0.1676,  0.3744,  0.1836],
         [-1.4501,  0.1610,  0.2002,  ..., -0.6736, -0.0088, -0.4426],
         [ 0.0054, -0.0273,  0.0246,  ..., -0.0308, -0.0258, -0.0777]]],
       grad_fn=<NativeLayerNormBackward>), tensor([[[ 8.7474e-03,  6.2736e-02, -9.7559e-01,  ..., -8.6279e-01,
           2.3921e-01,  3.6294e-01],
         [ 7.0265e-01,  4.6330e-01,  3.7877e-01,  ...,  1.0978e-01,
           5.0951e-01, -4.3031e-01],
         [-4.8154e-01,  8.8532e-01,  6.8743e-01,  ..., -5.0184e-01,
           5.0047e-02,  5.2478e-01],
         ...,
         [-3.3765e-01,  3.8298e-02,  4.2859e-01,  ..., -3.8981e-01,
           2.1876e-01,  2.1101e-01],
         [-1.6229e+00,  9.4249e-02,  1.7209e-01,  ..., -1.8132e-01,
           2.5899e-01, -4.2364e-01],
         [ 1.9686e-02,  4.7497e-04,  7.6221e-03,  ..., -8.2357e-02,
          -7.4029e-02, -1.3849e-02]]], grad_fn=<NativeLayerNormBackward>), tensor([[[-2.9669e-01,  7.4351e-02, -3.9504e-01,  ..., -7.6583e-01,
          -2.4547e-01,  3.2793e-01],
         [ 5.5812e-01,  3.5915e-01,  5.9436e-01,  ..., -2.0404e-01,
           3.8628e-01, -4.4140e-01],
         [-9.6401e-01,  6.6861e-01,  1.1015e+00,  ..., -1.0403e+00,
           1.5677e-01,  4.5426e-01],
         ...,
         [-5.1439e-01,  1.9749e-02,  7.1028e-02,  ..., -4.1716e-01,
           1.5891e-01,  6.6823e-01],
         [-1.8621e+00, -1.0851e-01,  1.3509e-01,  ..., -4.8889e-02,
           2.6501e-01, -1.3481e-01],
         [-2.9242e-04,  4.4939e-03, -1.9923e-02,  ...,  5.4550e-02,
          -8.6685e-03, -1.6143e-02]]], grad_fn=<NativeLayerNormBackward>), tensor([[[-0.1673,  0.3289,  0.0882,  ..., -0.5437, -0.1631,  0.3064],
         [ 0.5978,  0.5654,  0.3090,  ..., -0.6005,  0.3164, -0.3972],
         [-0.9343,  0.6399,  0.4855,  ..., -0.9346,  0.5160,  0.2357],
         ...,
         [-0.4939, -0.1799,  0.2936,  ..., -0.7312,  0.3835,  0.7922],
         [-1.7168,  0.0955,  0.1751,  ..., -0.0478,  0.1055, -0.0958],
         [ 0.0364,  0.0245, -0.0267,  ...,  0.0114, -0.0339,  0.0201]]],
       grad_fn=<NativeLayerNormBackward>), tensor([[[-0.1144,  0.1937,  0.1250,  ..., -0.3827,  0.2107,  0.5407],
         [ 0.5308,  0.3207,  0.3665,  ..., -0.0036,  0.7579,  0.0388],
         [-0.4877,  0.8849,  0.4256,  ..., -0.6976,  0.4458,  0.1231],
         ...,
         [-0.7003, -0.1815,  0.3297,  ..., -0.4838,  0.0680,  0.8901],
         [-1.0355, -0.2567, -0.0317,  ...,  0.3197,  0.3999,  0.1795],
         [ 0.6080,  0.2610, -0.3131,  ...,  0.0311, -0.6283, -0.1994]]],
       grad_fn=<NativeLayerNormBackward>))
-----------------------------------------------------------------------------------------
['[CLS]', 'Here', 'is', 'the', 'sentence', 'I', 'want', 'em', '##bed', '##ding', '##s', 'for', '.', '[SEP]']
(tensor([[[ 0.2668,  0.0567, -0.1737,  ...,  0.0286, -0.0227, -0.0637],
         [-0.6880, -0.9986, -0.0479,  ..., -0.3239,  0.6367, -0.1049],
         [-0.9048, -0.4045,  0.3001,  ..., -0.3540,  0.7658, -0.2627],
         ...,
         [ 0.4905, -0.8336, -1.2957,  ..., -1.0075, -0.6017,  1.2834],
         [-0.0239, -1.3333, -0.4340,  ..., -0.5735,  0.4022,  0.5738],
         [-0.1302, -0.1862,  0.0148,  ...,  0.0979, -0.3270,  0.1064]]],
       grad_fn=<NativeLayerNormBackward>), tensor([[[ 0.3876,  0.0573, -0.3952,  ..., -0.1011,  0.1340, -0.0386],
         [-0.5254, -0.7646,  0.2979,  ..., -0.5818,  0.3771, -0.1813],
         [-0.7728, -0.4336,  0.3326,  ..., -0.4194,  0.5990, -0.2197],
         ...,
         [ 0.3526, -0.7011, -1.2384,  ..., -0.4632, -0.3948,  0.8670],
         [ 0.3801, -0.9515, -0.6573,  ..., -0.6958,  0.3273,  0.5332],
         [-0.0631, -0.1233, -0.0154,  ..., -0.0460, -0.0752, -0.0522]]],
       grad_fn=<NativeLayerNormBackward>), tensor([[[-0.1595,  0.0035, -0.3559,  ...,  0.0510,  0.1238,  0.0559],
         [-0.4700, -0.8901, -0.1586,  ..., -0.1300,  0.3167, -0.4641],
         [-0.3348, -0.3551, -0.0906,  ..., -0.1104,  0.1986, -0.0681],
         ...,
         [-0.1261, -1.1029, -0.8444,  ..., -0.1686, -0.6254,  1.1345],
         [-0.1613, -0.9035, -0.7244,  ..., -0.6719,  0.3289, -0.0164],
         [-0.0302, -0.0733,  0.0333,  ..., -0.0414, -0.0760, -0.0963]]],
       grad_fn=<NativeLayerNormBackward>), tensor([[[-3.1193e-02, -6.6763e-02, -6.4478e-01,  ..., -1.0286e-02,
           3.6628e-01,  2.7877e-03],
         [-7.1299e-01, -3.1332e-01, -7.5175e-02,  ..., -1.0157e-02,
           6.1829e-01, -4.3647e-01],
         [-2.0559e-01, -4.3529e-02,  1.0297e-01,  ...,  2.1030e-02,
          -2.4561e-01, -4.1981e-01],
         ...,
         [-2.6734e-01, -1.1198e+00, -5.6789e-01,  ...,  1.7419e-01,
          -7.5827e-01,  7.6204e-01],
         [-8.6942e-01, -3.2614e-01, -4.5112e-01,  ..., -1.1545e-01,
           3.8163e-01, -7.9731e-02],
         [ 1.3983e-03,  3.4430e-02,  3.1963e-02,  ...,  1.0816e-03,
           2.8068e-03, -1.0479e-01]]], grad_fn=<NativeLayerNormBackward>), tensor([[[-3.8574e-01,  1.9929e-01, -4.7254e-01,  ...,  1.8217e-01,
           1.7333e-01,  1.2936e-01],
         [-9.7764e-01, -1.3638e-01,  1.3454e-01,  ..., -2.5823e-01,
           4.8951e-01, -2.2014e-01],
         [-3.2095e-01,  3.0553e-01,  2.0922e-01,  ...,  1.5134e-01,
          -3.3597e-01, -1.7329e-01],
         ...,
         [-3.3107e-01, -1.0172e+00, -2.7314e-01,  ...,  5.8586e-01,
          -5.7560e-01,  5.5479e-01],
         [-1.1979e+00, -3.7815e-01, -2.9886e-01,  ...,  1.8532e-01,
           2.4384e-01,  6.6304e-02],
         [-4.3968e-02,  7.8316e-02,  3.1831e-02,  ..., -1.0340e-03,
          -1.1626e-02, -8.5096e-02]]], grad_fn=<NativeLayerNormBackward>), tensor([[[ 0.1507, -0.0184, -0.0033,  ..., -0.0749,  0.3050,  0.1228],
         [-0.2750, -0.1309,  0.0443,  ..., -0.1075,  0.1945,  0.0092],
         [-0.0669, -0.0046,  0.0366,  ...,  0.0295, -0.0227, -0.0244],
         ...,
         [-0.1460, -0.2254, -0.0996,  ...,  0.2869, -0.0519,  0.2361],
         [-0.4622, -0.0790, -0.1081,  ...,  0.1265,  0.2411,  0.1404],
         [-0.1668,  0.1459,  0.3867,  ..., -0.2407,  0.5527,  0.0323]]],
       grad_fn=<NativeLayerNormBackward>))
